Epoch	[current/size]	CE		Accuracy(%)	AVG_CE		Batch		CE_ASY		A		B
0	[ 0000/60000]	--		9.800		2.302585	0		0.000000	0.000000	0.000000
1	[  256/60000]	2.284502	41.020		2.288602	1		0.000000	0.000000	0.000000
1	[  512/60000]	2.269969	54.900		2.274010	2		0.000000	0.000000	0.000000
1	[  768/60000]	2.255876	65.660		2.259809	3		0.000000	0.000000	0.000000
1	[ 1024/60000]	2.249202	71.220		2.246835	4		2.184425	0.533585	-5.318040
1	[ 1280/60000]	2.230272	64.520		2.232929	5		0.000000	0.000000	0.000000
1	[ 1536/60000]	2.216604	66.790		2.219030	6		0.000000	0.000000	0.000000
1	[ 1792/60000]	2.201342	66.760		2.205601	7		0.000000	0.000000	0.000000
1	[ 2048/60000]	2.194495	68.110		2.192784	8		0.000000	0.000000	0.000000
1	[ 2304/60000]	2.178208	66.220		2.179428	9		0.000000	0.000000	0.000000
1	[ 2560/60000]	2.165304	63.750		2.166549	10		0.000000	0.000000	0.000000
1	[ 2816/60000]	2.154529	62.770		2.153841	11		0.000000	0.000000	0.000000
1	[ 3072/60000]	2.141124	65.020		2.140954	12		0.000000	0.000000	0.000000
1	[ 3328/60000]	2.136829	64.500		2.128663	13		1.039244	107.051315	-85.902231
1	[ 3584/60000]	2.117389	64.020		2.116033	14		0.614315	197.831895	-118.415827
1	[ 3840/60000]	2.097388	63.540		2.103326	15		0.000000	0.000000	0.000000
1	[ 4096/60000]	2.109957	67.560		2.091384	16		1.018680	109.844525	-86.690038
1	[ 4352/60000]	2.077436	66.130		2.079173	17		0.192839	315.628913	-150.889260
1	[ 4608/60000]	2.046410	63.970		2.066396	18		0.000000	0.000000	0.000000
1	[ 4864/60000]	2.051879	65.530		2.054094	19		0.000000	0.000000	0.000000
1	[ 5120/60000]	2.027638	64.710		2.041680	20		0.000000	0.000000	0.000000
1	[ 5376/60000]	2.036549	63.320		2.030511	21		0.000000	0.000000	0.000000
1	[ 5632/60000]	2.016973	64.400		2.018880	22		0.000000	0.000000	0.000000
1	[ 5888/60000]	2.011096	66.040		2.007142	23		0.000000	0.000000	0.000000
1	[ 6144/60000]	1.999986	66.170		1.995655	24		-1.746826	1195.501494	-296.527325
1	[ 6400/60000]	1.976102	65.970		1.983905	25		0.000000	0.000000	0.000000
1	[ 6656/60000]	1.985166	67.830		1.972469	26		-0.835833	702.649769	-225.106666
1	[ 6912/60000]	1.979176	68.860		1.961392	27		0.039545	351.825718	-156.554538
1	[ 7168/60000]	1.948122	69.930		1.949907	28		-0.273877	463.876675	-181.193247
1	[ 7424/60000]	1.945601	70.240		1.938462	29		-0.194977	434.150861	-174.964162
1	[ 7680/60000]	1.928547	71.190		1.926872	30		-0.383028	506.779876	-189.872425
1	[ 7936/60000]	1.930245	71.370		1.915905	31		-0.107645	402.153477	-167.965062
1	[ 8192/60000]	1.934076	71.570		1.905536	32		0.330097	260.528910	-133.064235
1	[ 8448/60000]	1.892169	71.470		1.894330	33		0.028835	354.958209	-157.193735
1	[ 8704/60000]	1.908897	72.880		1.883583	34		0.271878	277.479969	-137.641856
1	[ 8960/60000]	1.877606	72.120		1.872856	35		0.099729	331.506047	-151.552443
1	[ 9216/60000]	1.872171	73.080		1.861923	36		0.023317	357.091501	-157.759413
1	[ 9472/60000]	1.884042	73.260		1.851775	37		0.274053	276.557937	-137.324922
1	[ 9728/60000]	1.851269	73.820		1.840829	38		0.160845	311.724721	-146.587896
1	[ 9984/60000]	1.845481	73.720		1.830604	39		0.109234	328.497633	-150.832391
1	[10240/60000]	1.830530	74.910		1.820136	40		-0.007708	368.226632	-160.497154
1	[10496/60000]	1.791229	75.020		1.809240	41		-0.633161	620.023306	-212.523079
1	[10752/60000]	1.801687	74.550		1.798900	42		-0.872892	734.094580	-232.565676
1	[11008/60000]	1.775390	74.860		1.788203	43		-1.594298	1136.276217	-293.130899
1	[11264/60000]	1.805343	75.640		1.778482	44		-1.053385	826.166246	-247.608038
1	[11520/60000]	1.799342	75.690		1.768504	45		-0.670774	636.434692	-215.367727
1	[11776/60000]	1.746952	75.250		1.758363	46		-1.180523	895.133335	-258.459140
1	[12032/60000]	1.773909	76.160		1.748363	47		-0.900144	747.194171	-234.688587
1	[12288/60000]	1.752219	76.690		1.738431	48		-0.903348	748.811369	-234.960843
1	[12544/60000]	1.719928	77.240		1.728182	49		-1.321936	975.513457	-270.652085
1	[12800/60000]	1.720207	77.620		1.717807	50		-1.523244	1095.389513	-287.874128
1	[13056/60000]	1.706784	77.620		1.707799	51		-1.793068	1267.198266	-311.023236
1	[13312/60000]	1.687173	77.920		1.697906	52		-2.319297	1638.791162	-356.300831
1	[13568/60000]	1.699867	77.360		1.688513	53		-2.169940	1528.361026	-343.422062
1	[13824/60000]	1.700697	77.450		1.679374	54		-1.823136	1286.607440	-313.474146
1	[14080/60000]	1.699987	77.900		1.670035	55		-1.436337	1041.331763	-280.032058
1	[14336/60000]	1.664356	78.050		1.660499	56		-1.552373	1112.267645	-290.083767
1	[14592/60000]	1.683152	78.280		1.651539	57		-1.250289	932.297375	-263.866181
1	[14848/60000]	1.653921	77.780		1.642432	58		-1.266780	941.722843	-265.300161
1	[15104/60000]	1.670960	78.350		1.633594	59		-1.000945	795.420735	-242.143082
1	[15360/60000]	1.631480	78.190		1.624589	60		-1.086595	841.265663	-249.620211
1	[15616/60000]	1.585978	78.040		1.615306	61		-1.577312	1129.225882	-292.624747
1	[15872/60000]	1.638776	78.130		1.607023	62		-1.318598	971.942276	-269.891885
1	[16128/60000]	1.645815	77.930		1.599022	63		-0.995119	791.745073	-241.440586
1	[16384/60000]	1.602502	78.310		1.590116	64		-1.018808	804.327707	-243.527677
1	[16640/60000]	1.588288	78.000		1.581509	65		-1.083359	839.168436	-249.231006
1	[16896/60000]	1.587649	78.070		1.572878	66		-1.079875	837.266487	-248.922348
1	[17152/60000]	1.606779	78.410		1.564730	67		-0.890404	736.985733	-232.107270
1	[17408/60000]	1.540236	78.920		1.555701	68		-1.109025	853.430402	-251.562284
1	[17664/60000]	1.539466	79.030		1.547009	69		-1.267934	943.583003	-265.755446
1	[17920/60000]	1.553668	78.660		1.539157	70		-1.247143	931.514499	-263.893430
1	[18176/60000]	1.542148	79.030		1.531222	71		-1.251038	933.772025	-264.243026
1	[18432/60000]	1.528248	79.210		1.522887	72		-1.291934	957.671118	-267.922784
1	[18688/60000]	1.531428	79.270		1.514904	73		-1.252759	934.744712	-264.389858
1	[18944/60000]	1.519461	79.230		1.506670	74		-1.242312	928.671369	-263.445793
1	[19200/60000]	1.494734	79.250		1.498656	75		-1.333497	982.422284	-271.707494
1	[19456/60000]	1.455377	79.590		1.490005	76		-1.628625	1167.054779	-298.537526
1	[19712/60000]	1.469846	79.870		1.482231	77		-1.755205	1251.234065	-310.081088
1	[19968/60000]	1.494713	79.950		1.474319	78		-1.633665	1170.269569	-298.975339
1	[20224/60000]	1.469135	79.740		1.466860	79		-1.643862	1176.964526	-299.908694
1	[20480/60000]	1.470531	79.930		1.459021	80		-1.592997	1143.725268	-295.244043
1	[20736/60000]	1.471994	79.900		1.451468	81		-1.495387	1081.215537	-286.278063
1	[20992/60000]	1.437822	80.080		1.443644	82		-1.553640	1118.348263	-291.639393
1	[21248/60000]	1.410546	79.980		1.435623	83		-1.717089	1226.026530	-306.723381
1	[21504/60000]	1.478047	79.760		1.428582	84		-1.456243	1056.389735	-282.611707
1	[21760/60000]	1.417554	79.660		1.421708	85		-1.493126	1079.629317	-286.025739
1	[22016/60000]	1.417207	79.970		1.414018	86		-1.490865	1078.196094	-285.816035
1	[22272/60000]	1.411411	79.890		1.406976	87		-1.479721	1071.137027	-284.780153
1	[22528/60000]	1.433668	79.830		1.400087	88		-1.344803	987.443499	-272.220421
1	[22784/60000]	1.394370	80.240		1.392713	89		-1.352765	992.292884	-272.962867
1	[23040/60000]	1.399303	80.350		1.385477	90		-1.313025	968.182506	-269.249970
1	[23296/60000]	1.415980	80.330		1.378741	91		-1.196229	898.980910	-258.322577
1	[23552/60000]	1.372028	80.660		1.371980	92		-1.213130	908.845765	-259.906557
1	[23808/60000]	1.410272	80.650		1.365459	93		-1.090136	838.220193	-248.360875
1	[24064/60000]	1.414508	80.720		1.358995	94		-0.958730	765.872701	-236.016199
1	[24320/60000]	1.279984	80.640		1.351621	95		-1.178890	889.114375	-256.759046
1	[24576/60000]	1.374414	80.550		1.345144	96		-1.108087	848.419030	-250.067523
1	[24832/60000]	1.319208	80.460		1.338566	97		-1.173132	885.812900	-256.228375
1	[25088/60000]	1.376724	80.580		1.332194	98		-1.065255	824.172700	-245.991276
1	[25344/60000]	1.382407	80.890		1.325971	99		-0.946465	758.825578	-234.710315
1	[25600/60000]	1.371136	81.010		1.319546	100		-0.856240	710.963824	-226.135742
1	[25856/60000]	1.265488	80.760		1.313089	101		-0.974681	774.199894	-237.421378
1	[26112/60000]	1.315103	80.910		1.306872	102		-0.970323	771.821600	-237.004763
1	[26368/60000]	1.310842	81.130		1.300883	103		-0.961414	766.966041	-236.151347
1	[26624/60000]	1.246116	80.810		1.294509	104		-1.070976	827.835909	-246.678961
1	[26880/60000]	1.301613	80.920		1.288967	105		-1.046582	814.063071	-244.328310
1	[27136/60000]	1.318219	80.960		1.282977	106		-0.980193	777.132335	-237.921571
1	[27392/60000]	1.312178	80.910		1.276951	107		-0.921472	745.155759	-232.248085
1	[27648/60000]	1.290692	81.080		1.270889	108		-0.894945	730.917763	-229.681297
1	[27904/60000]	1.254742	80.970		1.264929	109		-0.919434	744.073155	-232.056303
1	[28160/60000]	1.224147	81.000		1.258679	110		-0.982977	778.806747	-238.237706
1	[28416/60000]	1.278123	80.900		1.253262	111		-0.942423	756.520691	-234.283196
1	[28672/60000]	1.257057	81.040		1.247327	112		-0.929118	749.272210	-232.983553
1	[28928/60000]	1.269065	81.220		1.241637	113		-0.889608	727.932205	-229.117667
1	[29184/60000]	1.266099	81.590		1.235593	114		-0.849776	706.711167	-225.214702
1	[29440/60000]	1.239395	81.740		1.229895	115		-0.841865	702.529531	-224.438175
1	[29696/60000]	1.171058	81.730		1.224109	116		-0.919777	744.314787	-232.108894
1	[29952/60000]	1.279911	81.820		1.218902	117		-0.837371	700.106621	-223.978475
1	[30208/60000]	1.256202	81.940		1.213494	118		-0.787293	673.885596	-219.034097
1	[30464/60000]	1.276923	82.140		1.208247	119		-0.712669	635.714837	-211.660799
1	[30720/60000]	1.219753	82.050		1.202992	120		-0.701940	630.313886	-210.599457
1	[30976/60000]	1.257605	82.070		1.197580	121		-0.647131	603.057587	-205.169991
1	[31232/60000]	1.188070	82.010		1.192242	122		-0.660773	609.792551	-206.523782
1	[31488/60000]	1.177377	82.010		1.186782	123		-0.678579	618.652120	-208.295771
1	[31744/60000]	1.154547	81.860		1.181424	124		-0.712512	635.738133	-211.682988
1	[32000/60000]	1.157196	81.920		1.176025	125		-0.736563	648.008301	-214.091360
1	[32256/60000]	1.203192	82.170		1.171226	126		-0.708575	633.724187	-211.282664
1	[32512/60000]	1.180117	82.330		1.166130	127		-0.699391	629.066794	-210.359413
1	[32768/60000]	1.159005	82.360		1.160863	128		-0.705165	631.996344	-210.941135
1	[33024/60000]	1.186252	82.490		1.156107	129		-0.681217	619.877237	-208.523735
1	[33280/60000]	1.160433	82.510		1.151204	130		-0.676799	617.652276	-208.077030
1	[33536/60000]	1.239187	82.670		1.146436	131		-0.603854	581.463368	-200.693714
1	[33792/60000]	1.202885	82.820		1.141819	132		-0.562863	561.595986	-196.543563
1	[34048/60000]	1.161392	82.760		1.136804	133		-0.551970	556.369870	-195.439244
1	[34304/60000]	1.101414	82.490		1.131992	134		-0.581347	570.539568	-198.425463
1	[34560/60000]	1.190699	82.400		1.127433	135		-0.541937	551.549557	-194.411033
1	[34816/60000]	1.088384	82.270		1.122486	136		-0.572367	566.201997	-197.517436
1	[35072/60000]	1.128126	82.300		1.117873	137		-0.570423	565.258539	-197.318345
1	[35328/60000]	1.160947	82.550		1.113653	138		-0.543383	552.208718	-194.545621
1	[35584/60000]	1.150084	82.600		1.109077	139		-0.522335	542.146832	-192.384471
1	[35840/60000]	1.110204	82.720		1.104899	140		-0.524492	543.175097	-192.606416
1	[36096/60000]	1.058721	82.680		1.100510	141		-0.555487	558.076516	-195.804414
1	[36352/60000]	1.164643	82.730		1.096172	142		-0.517063	539.611973	-191.831609
1	[36608/60000]	1.127127	82.910		1.091480	143		-0.500894	531.929119	-190.158206
1	[36864/60000]	1.109016	82.880		1.087125	144		-0.493380	528.373481	-189.379135
1	[37120/60000]	1.068172	82.780		1.082689	145		-0.506402	534.550587	-190.732453
1	[37376/60000]	1.143651	82.970		1.078514	146		-0.474968	519.685307	-187.459825
1	[37632/60000]	1.056536	82.840		1.074317	147		-0.489250	526.420556	-188.949461
1	[37888/60000]	1.107777	82.870		1.069980	148		-0.473598	519.032650	-187.313318
1	[38144/60000]	1.085440	82.970		1.065838	149		-0.467958	516.380547	-186.722754
1	[38400/60000]	1.067010	82.850		1.061728	150		-0.469524	517.117212	-186.887106
1	[38656/60000]	1.030505	82.810		1.057618	151		-0.486791	525.285020	-188.703986
1	[38912/60000]	1.041320	82.880		1.053685	152		-0.495749	529.553734	-189.649297
1	[39168/60000]	1.052752	82.960		1.049589	153		-0.496475	529.900990	-189.726120
1	[39424/60000]	1.090300	82.780		1.045615	154		-0.477187	520.706852	-187.682218
1	[39680/60000]	1.078981	82.730		1.041720	155		-0.462394	513.704283	-186.112772
1	[39936/60000]	1.131608	82.670		1.037855	156		-0.423682	495.590490	-182.002689
1	[40192/60000]	1.053428	82.500		1.034166	157		-0.419077	493.456167	-181.513414
1	[40448/60000]	1.053006	82.570		1.030131	158		-0.413121	490.698934	-180.879268
1	[40704/60000]	1.010420	82.640		1.026237	159		-0.423131	495.342945	-181.947507
1	[40960/60000]	0.995008	82.460		1.022560	160		-0.437293	501.960604	-183.463369
1	[41216/60000]	1.082692	82.540		1.019054	161		-0.413887	491.035751	-180.953461
1	[41472/60000]	1.051784	82.390		1.015797	162		-0.402398	485.712505	-179.720040
1	[41728/60000]	0.980807	82.630		1.011608	163		-0.416970	492.477327	-181.287985
1	[41984/60000]	1.025749	82.490		1.008161	164		-0.412320	490.310858	-180.786424
1	[42240/60000]	0.999187	82.440		1.004379	165		-0.416255	492.145859	-181.211725
1	[42496/60000]	0.947473	82.320		1.000741	166		-0.437751	502.246853	-183.542324
1	[42752/60000]	1.080362	82.740		0.996773	167		-0.408100	488.325938	-180.321634
1	[43008/60000]	1.085093	82.840		0.993471	168		-0.377714	474.256834	-177.020914
1	[43264/60000]	1.005957	82.960		0.989661	169		-0.374645	472.846277	-176.687235
1	[43520/60000]	1.022484	82.810		0.986522	170		-0.364972	468.409535	-175.633731
1	[43776/60000]	1.038898	82.940		0.983245	171		-0.349344	461.279626	-173.929630
1	[44032/60000]	1.055196	83.020		0.979876	172		-0.328471	451.835430	-171.651858
1	[44288/60000]	0.990139	83.070		0.976332	173		-0.327319	451.316191	-171.525873
1	[44544/60000]	0.992074	83.060		0.972775	174		-0.324512	450.051911	-171.218593
1	[44800/60000]	0.954856	83.090		0.969349	175		-0.331668	453.282821	-172.003865
1	[45056/60000]	0.976677	83.120		0.966052	176		-0.331065	453.009881	-171.937565
1	[45312/60000]	1.088280	83.250		0.962882	177		-0.297946	438.129119	-168.291770
1	[45568/60000]	0.995739	83.190		0.959436	178		-0.291188	435.121427	-167.547506
1	[45824/60000]	0.994126	83.330		0.956302	179		-0.284233	432.033911	-166.780392
1	[46080/60000]	0.966353	83.380		0.953214	180		-0.283934	431.901398	-166.747381
1	[46336/60000]	0.959818	83.100		0.950292	181		-0.284407	432.111203	-166.799690
1	[46592/60000]	0.969309	83.120		0.946816	182		-0.281523	430.829977	-166.479744
1	[46848/60000]	1.047237	83.240		0.943560	183		-0.258592	420.700317	-163.932904
1	[47104/60000]	0.999378	83.280		0.940780	184		-0.247706	415.930860	-162.723286
1	[47360/60000]	0.980532	83.370		0.937520	185		-0.240986	412.997532	-161.975590
1	[47616/60000]	0.938582	83.440		0.934159	186		-0.243462	414.078267	-162.251595
1	[47872/60000]	0.980987	83.520		0.931092	187		-0.235399	410.560417	-161.351169
1	[48128/60000]	0.975289	83.530		0.928061	188		-0.228247	407.449716	-160.551392
1	[48384/60000]	0.946116	83.620		0.924853	189		-0.227069	406.937689	-160.419368
1	[48640/60000]	0.967036	83.470		0.922094	190		-0.220718	404.181469	-159.706778
1	[48896/60000]	0.946437	83.470		0.918998	191		-0.218309	403.137503	-159.436068
1	[49152/60000]	0.964129	83.480		0.916073	192		-0.211645	400.253145	-158.685847
1	[49408/60000]	0.936302	83.680		0.912859	193		-0.210295	399.669511	-158.533618
1	[49664/60000]	0.892495	83.670		0.909827	194		-0.217216	402.669995	-159.315936
1	[49920/60000]	0.898423	83.710		0.906792	195		-0.222068	404.783126	-159.865884
1	[50176/60000]	0.928400	83.940		0.903686	196		-0.220110	403.928630	-159.643446
1	[50432/60000]	0.936151	83.940		0.900820	197		-0.216080	402.170771	-159.184793
1	[50688/60000]	0.953418	83.880		0.898172	198		-0.208285	398.778959	-158.296566
1	[50944/60000]	0.950501	83.920		0.895254	199		-0.200809	395.537026	-157.443772
1	[51200/60000]	0.918429	83.940		0.892368	200		-0.199033	394.767753	-157.240789
1	[51456/60000]	0.877249	83.780		0.889604	201		-0.204327	397.065258	-157.847058
1	[51712/60000]	0.918300	83.810		0.886640	202		-0.201389	395.787853	-157.509860
1	[51968/60000]	0.853482	83.750		0.883881	203		-0.209711	399.415985	-158.467223
1	[52224/60000]	0.992098	83.840		0.881410	204		-0.192504	391.926203	-156.485042
1	[52480/60000]	0.875473	83.950		0.878547	205		-0.195857	393.381426	-156.871778
1	[52736/60000]	0.859106	83.950		0.875683	206		-0.201422	395.805518	-157.515212
1	[52992/60000]	0.935176	84.080		0.872943	207		-0.193248	392.243555	-156.568335
1	[53248/60000]	0.861467	84.130		0.870189	208		-0.197326	394.020174	-157.041482
1	[53504/60000]	0.877447	84.150		0.867517	209		-0.198098	394.357526	-157.131299
1	[53760/60000]	0.917974	84.370		0.865025	210		-0.191665	391.548791	-156.381835
1	[54016/60000]	0.860439	84.400		0.862326	211		-0.194366	392.728229	-156.697097
1	[54272/60000]	0.865984	84.480		0.859808	212		-0.195614	393.274186	-156.843018
1	[54528/60000]	0.841884	84.540		0.857209	213		-0.200222	395.296876	-157.383358
1	[54784/60000]	0.845180	84.510		0.854578	214		-0.203708	396.832173	-157.793063
1	[55040/60000]	0.825289	84.550		0.852167	215		-0.209794	399.523387	-158.510227
1	[55296/60000]	0.890311	84.590		0.849494	216		-0.205008	397.403699	-157.945061
1	[55552/60000]	0.848046	84.570		0.846926	217		-0.206509	398.068796	-158.122678
1	[55808/60000]	0.843229	84.360		0.844531	218		-0.208268	398.849307	-158.331132
1	[56064/60000]	0.895993	84.360		0.842027	219		-0.201527	395.858608	-157.530792
1	[56320/60000]	0.928339	84.360		0.839742	220		-0.189870	390.710543	-156.145994
1	[56576/60000]	0.845027	84.490		0.837327	221		-0.190427	390.956247	-156.212314
1	[56832/60000]	0.795044	84.500		0.834840	222		-0.197822	394.226030	-157.093978
1	[57088/60000]	0.775378	84.470		0.832258	223		-0.207508	398.535759	-158.252336
1	[57344/60000]	0.801626	84.560		0.830019	224		-0.212759	400.885447	-158.882182
1	[57600/60000]	0.814354	84.450		0.827498	225		-0.215632	402.175616	-159.227639
1	[57856/60000]	0.849451	84.470		0.825098	226		-0.213007	400.995639	-158.911450
1	[58112/60000]	0.867023	84.620		0.822648	227		-0.207626	398.579781	-158.262354
1	[58368/60000]	0.816231	84.670		0.820262	228		-0.209114	399.247807	-158.442147
1	[58624/60000]	0.901776	84.860		0.818015	229		-0.198481	394.483230	-157.156016
1	[58880/60000]	0.836826	84.760		0.815791	230		-0.196635	393.658360	-156.932519
1	[59136/60000]	0.813231	84.770		0.813395	231		-0.197634	394.105120	-157.053687
1	[59392/60000]	0.864969	84.860		0.811234	232		-0.191467	391.349114	-156.304709
1	[59648/60000]	0.847972	84.830		0.808975	233		-0.187390	389.530611	-155.808920
1	[59904/60000]	0.876703	84.790		0.806708	234		-0.179498	386.020710	-154.848527
1	[22560/60000]	0.951180	84.890		0.804660	235		-0.162453	378.491589	-152.774529
2	[  256/60000]	0.825147	84.790		0.802707	236		-0.161058	377.878237	-152.604694
2	[  512/60000]	0.805082	84.860		0.800641	237		-0.161807	378.207830	-152.696043
2	[  768/60000]	0.826518	84.920		0.798756	238		-0.159697	377.279163	-152.438371
2	[ 1024/60000]	0.834388	85.050		0.796558	239		-0.156447	375.849423	-152.040852
2	[ 1280/60000]	0.766071	85.060		0.794550	240		-0.160927	377.822906	-152.589819
2	[ 1536/60000]	0.832833	85.080		0.792673	241		-0.157321	376.232192	-152.147075
2	[ 1792/60000]	0.802698	85.130		0.790560	242		-0.156975	376.079760	-152.104576
2	[ 2048/60000]	0.843425	85.080		0.788568	243		-0.151803	373.800324	-151.467721
2	[ 2304/60000]	0.834520	85.080		0.786287	244		-0.147529	371.920821	-150.941013
2	[ 2560/60000]	0.888859	85.170		0.784270	245		-0.137274	367.427291	-149.676396
2	[ 2816/60000]	0.862761	85.110		0.782409	246		-0.129946	364.231701	-148.772562
2	[ 3072/60000]	0.795546	85.020		0.780725	247		-0.129647	364.101681	-148.735691
2	[ 3328/60000]	0.827924	85.130		0.778970	248		-0.125770	362.414125	-148.256295
2	[ 3584/60000]	0.845537	85.120		0.776770	249		-0.119998	359.907207	-147.541935
2	[ 3840/60000]	0.767660	85.120		0.774539	250		-0.122006	360.779158	-147.790817
2	[ 4096/60000]	0.822240	85.080		0.772969	251		-0.118291	359.165478	-147.329683
2	[ 4352/60000]	0.767476	85.160		0.771115	252		-0.119860	359.847213	-147.524748
2	[ 4608/60000]	0.782728	85.280		0.769285	253		-0.119674	359.766330	-147.501596
2	[ 4864/60000]	0.829989	85.370		0.767204	254		-0.114710	357.607337	-146.882349
2	[ 5120/60000]	0.807178	85.360		0.765543	255		-0.111866	356.372927	-146.527360
2	[ 5376/60000]	0.781785	85.350		0.763653	256		-0.111291	356.123030	-146.455382
2	[ 5632/60000]	0.757840	85.400		0.761653	257		-0.112763	356.762952	-146.639797
2	[ 5888/60000]	0.798429	85.350		0.759258	258		-0.110232	355.661907	-146.322178
2	[ 6144/60000]	0.801031	85.340		0.757314	259		-0.107339	354.404834	-145.958805
2	[ 6400/60000]	0.795022	85.430		0.755238	260		-0.104880	353.337268	-145.649584
2	[ 6656/60000]	0.783496	85.460		0.753157	261		-0.103331	352.664699	-145.454442
2	[ 6912/60000]	0.743045	85.500		0.751202	262		-0.105218	353.484739	-145.692529
2	[ 7168/60000]	0.765408	85.390		0.749354	263		-0.104902	353.347264	-145.652601
2	[ 7424/60000]	0.763659	85.450		0.747574	264		-0.104562	353.199229	-145.609569
2	[ 7680/60000]	0.764464	85.460		0.745588	265		-0.103979	352.945145	-145.535639
2	[ 7936/60000]	0.781098	85.480		0.743896	266		-0.101809	351.999185	-145.260012
2	[ 8192/60000]	0.751425	85.510		0.742051	267		-0.102035	352.097889	-145.288806
2	[ 8448/60000]	0.767313	85.520		0.740573	268		-0.100747	351.535680	-145.124640
2	[ 8704/60000]	0.765481	85.520		0.738960	269		-0.099473	350.980127	-144.962199
2	[ 8960/60000]	0.772298	85.540		0.737038	270		-0.097505	350.121363	-144.710726
2	[ 9216/60000]	0.759481	85.560		0.735463	271		-0.096467	349.668912	-144.578044
2	[ 9472/60000]	0.694605	85.540		0.733659	272		-0.100544	351.450762	-145.100564
2	[ 9728/60000]	0.775598	85.570		0.732099	273		-0.097847	350.270117	-144.754217
2	[ 9984/60000]	0.742400	85.610		0.730382	274		-0.097705	350.207856	-144.735927
2	[10240/60000]	0.763481	85.560		0.728484	275		-0.095745	349.350084	-144.483641
2	[10496/60000]	0.778486	85.470		0.726792	276		-0.092516	347.937494	-144.067363
2	[10752/60000]	0.742860	85.490		0.725211	277		-0.091969	347.698427	-143.996797
2	[11008/60000]	0.707343	85.640		0.723498	278		-0.094006	348.590309	-144.260141
2	[11264/60000]	0.807803	85.590		0.721968	279		-0.088223	346.058789	-143.511474
2	[11520/60000]	0.694615	85.620		0.720299	280		-0.090942	347.248642	-143.863864
2	[11776/60000]	0.753688	85.530		0.718531	281		-0.089050	346.419582	-143.618209
2	[12032/60000]	0.710943	85.530		0.716848	282		-0.090221	346.933190	-143.770525
2	[12288/60000]	0.787098	85.610		0.715334	283		-0.085649	344.928823	-143.175213
2	[12544/60000]	0.764888	85.650		0.713834	284		-0.082676	343.627337	-142.787692
2	[12800/60000]	0.746335	85.610		0.712166	285		-0.080971	342.881922	-142.565340
2	[13056/60000]	0.694859	85.620		0.710380	286		-0.082822	343.692270	-142.807217
2	[13312/60000]	0.664704	85.590		0.708928	287		-0.086636	345.366768	-143.306684
2	[13568/60000]	0.703642	85.520		0.707180	288		-0.087503	345.748556	-143.420510
2	[13824/60000]	0.691700	85.530		0.705424	289		-0.089057	346.433878	-143.624851
2	[14080/60000]	0.792353	85.610		0.703765	290		-0.083476	343.973542	-142.890060
2	[14336/60000]	0.761295	85.660		0.702203	291		-0.080051	342.467474	-142.438985
2	[14592/60000]	0.712729	85.780		0.700571	292		-0.079871	342.388405	-142.415268
2	[14848/60000]	0.726886	85.610		0.699279	293		-0.078625	341.840341	-142.250703
2	[15104/60000]	0.704408	85.630		0.698035	294		-0.078781	341.909190	-142.271395
2	[15360/60000]	0.760674	85.600		0.696686	295		-0.075113	340.295521	-141.785686
2	[15616/60000]	0.743217	85.590		0.695153	296		-0.072561	339.174608	-141.447564
2	[15872/60000]	0.685269	85.600		0.693866	297		-0.073691	339.671142	-141.597493
2	[16128/60000]	0.696019	85.670		0.692274	298		-0.073995	339.804793	-141.637862
2	[16384/60000]	0.703554	85.740		0.690567	299		-0.073700	339.675056	-141.598651
2	[16640/60000]	0.742883	85.710		0.689389	300		-0.070823	338.408169	-141.215208
2	[16896/60000]	0.691130	85.810		0.687863	301		-0.071138	338.546769	-141.257212
2	[17152/60000]	0.695196	85.820		0.686302	302		-0.071086	338.523884	-141.250272
2	[17408/60000]	0.736987	85.830		0.684906	303		-0.068361	337.322685	-140.885561
2	[17664/60000]	0.700545	85.830		0.683617	304		-0.067814	337.081954	-140.812365
2	[17920/60000]	0.697179	85.710		0.682327	305		-0.067380	336.890589	-140.754129
2	[18176/60000]	0.629053	85.810		0.680881	306		-0.070948	338.466836	-141.233761
2	[18432/60000]	0.733131	85.870		0.679431	307		-0.068126	337.218658	-140.853822
2	[18688/60000]	0.721994	85.680		0.678104	308		-0.065929	336.247998	-140.557767
2	[18944/60000]	0.722237	85.790		0.676875	309		-0.063674	335.252058	-140.253484
2	[19200/60000]	0.728293	85.820		0.675557	310		-0.061026	334.084119	-139.896002
2	[19456/60000]	0.644661	85.920		0.673928	311		-0.063146	335.020012	-140.182664
2	[19712/60000]	0.718195	85.940		0.672874	312		-0.060931	334.041284	-139.882674
2	[19968/60000]	0.634604	85.870		0.671613	313		-0.063408	335.136621	-140.218581
2	[20224/60000]	0.657601	86.020		0.670173	314		-0.064449	335.598194	-140.360096
2	[20480/60000]	0.664862	85.980		0.668899	315		-0.064971	335.829968	-140.431170
2	[20736/60000]	0.703883	86.040		0.667593	316		-0.063221	335.052733	-140.192640
2	[20992/60000]	0.720773	85.980		0.666391	317		-0.060489	333.840843	-139.820024
2	[21248/60000]	0.666691	86.020		0.665278	318		-0.060687	333.928459	-139.846996
2	[21504/60000]	0.643239	86.020		0.664188	319		-0.062068	334.542426	-140.036045
2	[21760/60000]	0.610270	86.030		0.662676	320		-0.065127	335.904910	-140.455380
2	[22016/60000]	0.699688	86.220		0.660879	321		-0.063225	335.056561	-140.194195
2	[22272/60000]	0.728419	86.160		0.659804	322		-0.059753	333.509825	-139.717091
2	[22528/60000]	0.755813	86.200		0.658315	323		-0.054847	331.329590	-139.042816
2	[22784/60000]	0.646170	86.250		0.657194	324		-0.055685	331.701716	-139.158085
2	[23040/60000]	0.594963	86.370		0.655984	325		-0.059088	333.216833	-139.627206
2	[23296/60000]	0.740336	86.350		0.654620	326		-0.054847	331.327509	-139.041752
2	[23552/60000]	0.754355	86.280		0.653375	327		-0.049926	329.141185	-138.362369
2	[23808/60000]	0.682971	86.340		0.652358	328		-0.048637	328.569490	-138.184347
2	[24064/60000]	0.699060	86.340		0.651011	329		-0.046498	327.621439	-137.888712
2	[24320/60000]	0.603557	86.350		0.649729	330		-0.049058	328.757445	-138.243132
2	[24576/60000]	0.753643	86.380		0.648579	331		-0.044114	326.563510	-137.557854
2	[24832/60000]	0.587574	86.410		0.647431	332		-0.047297	327.976226	-137.999563
2	[25088/60000]	0.629453	86.420		0.646403	333		-0.048322	328.432085	-138.142036
2	[25344/60000]	0.639848	86.370		0.645267	334		-0.048754	328.624515	-138.202192
2	[25600/60000]	0.614999	86.410		0.643980	335		-0.050303	329.315904	-138.418349
2	[25856/60000]	0.645037	86.460		0.642846	336		-0.050316	329.321748	-138.420176
2	[26112/60000]	0.652580	86.470		0.641456	337		-0.049900	329.135797	-138.361988
2	[26368/60000]	0.650038	86.380		0.640305	338		-0.049543	328.976215	-138.312014
2	[26624/60000]	0.613880	86.330		0.639334	339		-0.050824	329.549820	-138.491706
2	[26880/60000]	0.619116	86.280		0.638337	340		-0.051770	329.974461	-138.624739
2	[27136/60000]	0.680560	86.240		0.637183	341		-0.049777	329.079694	-138.344194
2	[27392/60000]	0.628753	86.440		0.636003	342		-0.050145	329.245089	-138.396101
2	[27648/60000]	0.590123	86.510		0.634879	343		-0.052215	330.176327	-138.688357
2	[27904/60000]	0.732093	86.600		0.633829	344		-0.047714	328.151496	-138.052162
2	[28160/60000]	0.665318	86.600		0.632983	345		-0.046259	327.498087	-137.846455
2	[28416/60000]	0.644219	86.640		0.631989	346		-0.045713	327.252802	-137.769152
2	[28672/60000]	0.697306	86.660		0.630670	347		-0.042764	325.928821	-137.351316
2	[28928/60000]	0.650832	86.650		0.629279	348		-0.041856	325.521445	-137.222560
2	[29184/60000]	0.637897	86.630		0.627923	349		-0.041468	325.347635	-137.167578
2	[29440/60000]	0.689140	86.740		0.626867	350		-0.038813	324.156659	-136.790348
2	[29696/60000]	0.584911	86.650		0.626079	351		-0.040625	324.969840	-137.048111
2	[29952/60000]	0.680995	86.690		0.625022	352		-0.038245	323.901081	-136.709101
2	[30208/60000]	0.703154	86.710		0.623871	353		-0.034923	322.411806	-136.235797
2	[30464/60000]	0.650207	86.690		0.622999	354		-0.033830	321.922172	-136.079937
2	[30720/60000]	0.641781	86.720		0.621890	355		-0.033052	321.573586	-135.968865
2	[30976/60000]	0.634774	86.720		0.620816	356		-0.032521	321.336034	-135.893106
2	[31232/60000]	0.557350	86.800		0.619786	357		-0.035126	322.504922	-136.265898
2	[31488/60000]	0.657958	86.810		0.618839	358		-0.033521	321.783635	-136.035788
2	[31744/60000]	0.625153	86.790		0.617722	359		-0.033223	321.649881	-135.993075
2	[32000/60000]	0.650532	86.790		0.616601	360		-0.031855	321.035157	-135.796581
2	[32256/60000]	0.637920	86.770		0.615330	361		-0.030965	320.635145	-135.668580
2	[32512/60000]	0.636335	86.810		0.614479	362		-0.030102	320.247482	-135.544413
2	[32768/60000]	0.600971	86.780		0.613454	363		-0.030599	320.470737	-135.615965
2	[33024/60000]	0.621810	86.780		0.612441	364		-0.030219	320.299666	-135.561110
2	[33280/60000]	0.631271	86.770		0.611431	365		-0.029426	319.942880	-135.446608
2	[33536/60000]	0.652527	86.740		0.610775	366		-0.027776	319.200400	-135.208064
2	[33792/60000]	0.595485	86.730		0.609711	367		-0.028299	319.435758	-135.283740
2	[34048/60000]	0.661248	86.800		0.608383	368		-0.026254	318.514740	-134.987333
2	[34304/60000]	0.597296	86.830		0.607385	369		-0.026621	318.680327	-135.040674
2	[34560/60000]	0.636967	86.920		0.606632	370		-0.025441	318.148400	-134.869203
2	[34816/60000]	0.606120	86.960		0.605561	371		-0.025388	318.124776	-134.861581
2	[35072/60000]	0.667772	86.940		0.604630	372		-0.023001	317.048966	-134.514121
2	[35328/60000]	0.660745	87.020		0.603718	373		-0.020873	316.091386	-134.204349
2	[35584/60000]	0.581597	87.020		0.602842	374		-0.021631	316.432642	-134.314836
2	[35840/60000]	0.555615	87.030		0.602070	375		-0.023280	317.176366	-134.555618
2	[36096/60000]	0.571503	86.990		0.600979	376		-0.024285	317.630365	-134.702585
2	[36352/60000]	0.544122	86.980		0.599817	377		-0.026223	318.507683	-134.986537
2	[36608/60000]	0.630456	86.930		0.599153	378		-0.024978	317.943278	-134.803798
2	[36864/60000]	0.617219	86.980		0.598198	379		-0.024184	317.583696	-134.687257
2	[37120/60000]	0.624839	87.000		0.597245	380		-0.023091	317.088323	-134.526554
2	[37376/60000]	0.621526	86.930		0.596441	381		-0.022091	316.635429	-134.379484
2	[37632/60000]	0.726369	86.910		0.595532	382		-0.017410	314.517778	-133.690538
2	[37888/60000]	0.578379	87.030		0.594597	383		-0.017898	314.738413	-133.762426
2	[38144/60000]	0.560693	87.080		0.593788	384		-0.018948	315.213598	-133.917275
2	[38400/60000]	0.596608	87.010		0.592870	385		-0.018710	315.105754	-133.882120
2	[38656/60000]	0.622294	86.990		0.591974	386		-0.017561	314.584869	-133.712183
2	[38912/60000]	0.619624	86.990		0.591027	387		-0.016482	314.096102	-133.552560
2	[39168/60000]	0.646232	86.910		0.590125	388		-0.014490	313.194062	-133.257607
2	[39424/60000]	0.659582	86.980		0.589056	389		-0.012052	312.091737	-132.896609
2	[39680/60000]	0.588980	86.940		0.588167	390		-0.011952	312.046369	-132.881735
2	[39936/60000]	0.596442	86.890		0.587363	391		-0.011570	311.873787	-132.825120
2	[40192/60000]	0.636881	86.970		0.586570	392		-0.009839	311.090630	-132.567953
2	[40448/60000]	0.688115	87.010		0.585827	393		-0.006447	309.558760	-132.064061
2	[40704/60000]	0.579331	87.000		0.584671	394		-0.006568	309.613725	-132.082169
2	[40960/60000]	0.610479	87.000		0.583980	395		-0.005659	309.203018	-131.946808
2	[41216/60000]	0.582869	87.020		0.583076	396		-0.005604	309.178192	-131.938624
2	[41472/60000]	0.644570	87.070		0.582215	397		-0.003572	308.260557	-131.635678
2	[41728/60000]	0.578299	87.080		0.581334	398		-0.003611	308.278395	-131.641576
2	[41984/60000]	0.570680	87.110		0.580625	399		-0.003852	308.387522	-131.677653
2	[42240/60000]	0.602942	87.130		0.579690	400		-0.003058	308.028138	-131.558765
2	[42496/60000]	0.632460	87.080		0.579030	401		-0.001336	307.249919	-131.301054
2	[42752/60000]	0.703520	87.190		0.578119	402		0.002550	305.497080	-130.719544
2	[43008/60000]	0.588868	87.180		0.577233	403		0.002937	305.322731	-130.661631
2	[43264/60000]	0.598252	87.140		0.576542	404		0.003632	305.009122	-130.557358
2	[43520/60000]	0.657005	87.100		0.576234	405		0.006098	303.898741	-130.187715
2	[43776/60000]	0.568098	87.090		0.575436	406		0.005925	303.976547	-130.213646
2	[44032/60000]	0.591986	87.130		0.574372	407		0.006489	303.722446	-130.128919
2	[44288/60000]	0.593666	87.160		0.573567	408		0.007124	303.436171	-130.033394
2	[44544/60000]	0.682302	87.180		0.572749	409		0.010349	301.984227	-129.548247
2	[44800/60000]	0.535992	87.210		0.571890	410		0.009338	302.439354	-129.700476
2	[45056/60000]	0.558042	87.240		0.571154	411		0.009003	302.590356	-129.750988
2	[45312/60000]	0.655972	87.280		0.570184	412		0.011494	301.467881	-129.375128
2	[45568/60000]	0.525946	87.250		0.569291	413		0.010292	302.009439	-129.556611
2	[45824/60000]	0.556030	87.100		0.568682	414		0.009985	302.148154	-129.603095
2	[46080/60000]	0.601825	87.190		0.567808	415		0.010996	301.691668	-129.450009
2	[46336/60000]	0.586809	87.250		0.566954	416		0.011601	301.418397	-129.358287
2	[46592/60000]	0.525594	87.210		0.566366	417		0.010526	301.904327	-129.521446
2	[46848/60000]	0.573933	87.200		0.565655	418		0.010830	301.766695	-129.475220
2	[47104/60000]	0.637845	87.320		0.564505	419		0.012914	300.824400	-129.158409
2	[47360/60000]	0.558316	87.300		0.563840	420		0.012821	300.866309	-129.172515
2	[47616/60000]	0.576106	87.330		0.562865	421		0.013241	300.676617	-129.108644
2	[47872/60000]	0.718777	87.370		0.562105	422		0.017522	298.742666	-128.456470
2	[48128/60000]	0.491990	87.320		0.561031	423		0.015696	299.567077	-128.734768
2	[48384/60000]	0.567380	87.360		0.560284	424		0.015929	299.461845	-128.699241
2	[48640/60000]	0.543254	87.340		0.559540	425		0.015544	299.635844	-128.758007
2	[48896/60000]	0.548395	87.390		0.558818	426		0.015326	299.734604	-128.791375
2	[49152/60000]	0.603782	87.400		0.558100	427		0.016593	299.160820	-128.597385
2	[49408/60000]	0.652083	87.450		0.557223	428		0.019123	298.015534	-128.209658
2	[49664/60000]	0.637988	87.430		0.556543	429		0.021270	297.045001	-127.880591
2	[49920/60000]	0.538183	87.470		0.555976	430		0.020847	297.236516	-127.945580
2	[50176/60000]	0.705971	87.460		0.555305	431		0.024733	295.481790	-127.349374
2	[50432/60000]	0.665440	87.410		0.554858	432		0.027550	294.212918	-126.917325
2	[50688/60000]	0.537069	87.430		0.554138	433		0.027126	294.403581	-126.982305
2	[50944/60000]	0.544893	87.370		0.553786	434		0.026927	294.493270	-127.012879
2	[51200/60000]	0.576437	87.440		0.553163	435		0.027538	294.217904	-126.918961
2	[51456/60000]	0.549651	87.420		0.552484	436		0.027501	294.234488	-126.924624
2	[51712/60000]	0.605954	87.480		0.551375	437		0.028872	293.615992	-126.713389
2	[51968/60000]	0.560331	87.510		0.550416	438		0.029131	293.499167	-126.673459
2	[52224/60000]	0.627226	87.490		0.549631	439		0.031033	292.641358	-126.379977
2	[52480/60000]	0.564463	87.530		0.548776	440		0.031415	292.469227	-126.321031
2	[52736/60000]	0.572628	87.520		0.548168	441		0.032010	292.201139	-126.229162
2	[52992/60000]	0.529863	87.460		0.547356	442		0.031597	292.387433	-126.293035
2	[53248/60000]	0.567874	87.590		0.546591	443		0.032115	292.153690	-126.212860
2	[53504/60000]	0.623011	87.590		0.545814	444		0.033949	291.325879	-125.928633
2	[53760/60000]	0.566379	87.600		0.545193	445		0.034449	291.100686	-125.851240
2	[54016/60000]	0.560887	87.610		0.544608	446		0.034834	290.926852	-125.791459
2	[54272/60000]	0.589064	87.660		0.543934	447		0.035889	290.450772	-125.627610
2	[54528/60000]	0.651441	87.660		0.543297	448		0.038386	289.325411	-125.239835
2	[54784/60000]	0.560282	87.590		0.542856	449		0.038781	289.147642	-125.178471
2	[55040/60000]	0.647137	87.630		0.542204	450		0.041163	288.075592	-124.808284
2	[55296/60000]	0.513393	87.660		0.541397	451		0.040508	288.370059	-124.910058
2	[55552/60000]	0.547105	87.750		0.540473	452		0.040641	288.310476	-124.889460
2	[55808/60000]	0.616656	87.700		0.539926	453		0.042348	287.541652	-124.623432
2	[56064/60000]	0.610401	87.730		0.539227	454		0.043910	286.838940	-124.379996
2	[56320/60000]	0.598057	87.710		0.538608	455		0.045195	286.260968	-124.179558
2	[56576/60000]	0.513935	87.690		0.537934	456		0.044635	286.513145	-124.267065
2	[56832/60000]	0.515532	87.750		0.537273	457		0.044134	286.738664	-124.345338
2	[57088/60000]	0.555552	87.770		0.536638	458		0.044530	286.559951	-124.283288
2	[57344/60000]	0.559414	87.760		0.535977	459		0.045024	286.337442	-124.205984
2	[57600/60000]	0.584370	87.770		0.535384	460		0.046068	285.867005	-124.042418
2	[57856/60000]	0.529366	87.800		0.534620	461		0.045936	285.926675	-124.063178
2	[58112/60000]	0.600357	87.770		0.534152	462		0.047339	285.294040	-123.842923
2	[58368/60000]	0.592427	87.750		0.533605	463		0.048572	284.738547	-123.649329
2	[58624/60000]	0.626672	87.880		0.532850	464		0.050526	283.858980	-123.342446
2	[58880/60000]	0.564455	87.880		0.532027	465		0.051167	283.570474	-123.241685
2	[59136/60000]	0.593328	87.940		0.531623	466		0.052418	283.007902	-123.045039
2	[59392/60000]	0.501521	87.870		0.530934	467		0.051769	283.300106	-123.147235
2	[59648/60000]	0.547402	87.860		0.530410	468		0.052090	283.155311	-123.096578
2	[59904/60000]	0.479324	87.830		0.529752	469		0.051025	283.635445	-123.264600
2	[22560/60000]	0.461967	87.820		0.529141	470		0.049630	284.265289	-123.484984
3	[  256/60000]	0.565274	87.810		0.528590	471		0.050380	283.926353	-123.366358
3	[  512/60000]	0.574789	87.890		0.527860	472		0.051330	283.497034	-123.215980
3	[  768/60000]	0.540973	87.870		0.527192	473		0.051600	283.374967	-123.173193
3	[ 1024/60000]	0.513032	87.840		0.526523	474		0.051320	283.501545	-123.217579
3	[ 1280/60000]	0.573231	87.840		0.526100	475		0.052267	283.073271	-123.067319
3	[ 1536/60000]	0.544238	87.820		0.525573	476		0.052641	282.903783	-123.007743
3	[ 1792/60000]	0.499298	87.810		0.524944	477		0.052130	283.135455	-123.089183
3	[ 2048/60000]	0.500845	87.830		0.524322	478		0.051672	283.342863	-123.162044
3	[ 2304/60000]	0.541885	87.810		0.523879	479		0.052045	283.173863	-123.102651
3	[ 2560/60000]	0.635890	87.780		0.523458	480		0.054272	282.163842	-122.747275
3	[ 2816/60000]	0.496012	87.910		0.522835	481		0.053758	282.397022	-122.829369
3	[ 3072/60000]	0.561562	87.870		0.522395	482		0.054537	282.043803	-122.704958
3	[ 3328/60000]	0.572867	87.860		0.521732	483		0.055539	281.589425	-122.544788
3	[ 3584/60000]	0.549430	87.890		0.521279	484		0.056093	281.338137	-122.456143
3	[ 3840/60000]	0.624716	87.830		0.520807	485		0.058091	280.432923	-122.136508
3	[ 4096/60000]	0.461892	87.920		0.520313	486		0.056988	280.932810	-122.313125
3	[ 4352/60000]	0.542473	87.930		0.519717	487		0.057436	280.729693	-122.241343
3	[ 4608/60000]	0.541990	87.920		0.519101	488		0.057884	280.526589	-122.169522
3	[ 4864/60000]	0.545858	87.930		0.518514	489		0.058413	280.286541	-122.084586
3	[ 5120/60000]	0.560833	88.020		0.517939	490		0.059229	279.916361	-121.953514
3	[ 5376/60000]	0.455286	88.030		0.517539	491		0.058089	280.434048	-122.136873
3	[ 5632/60000]	0.529397	88.170		0.517102	492		0.058347	280.316735	-122.095314
3	[ 5888/60000]	0.531840	88.070		0.516637	493		0.058661	280.174009	-122.044726
3	[ 6144/60000]	0.589702	88.010		0.515794	494		0.060046	279.544372	-121.821384
3	[ 6400/60000]	0.529455	88.010		0.515393	495		0.060328	279.416090	-121.775847
3	[ 6656/60000]	0.535149	88.030		0.514767	496		0.060724	279.236123	-121.711928
3	[ 6912/60000]	0.562651	87.970		0.514199	497		0.061625	278.826349	-121.566290
3	[ 7168/60000]	0.519621	88.000		0.513562	498		0.061755	278.767192	-121.545252
3	[ 7424/60000]	0.517106	88.010		0.513262	499		0.061852	278.723238	-121.529614
3	[ 7680/60000]	0.479927	87.930		0.512789	500		0.061297	278.975968	-121.619558
3	[ 7936/60000]	0.583970	87.990		0.512283	501		0.062610	278.378006	-121.406633
3	[ 8192/60000]	0.461564	88.060		0.511811	502		0.061755	278.767451	-121.545375
3	[ 8448/60000]	0.589535	88.020		0.511112	503		0.063177	278.119367	-121.314375
3	[ 8704/60000]	0.551454	87.970		0.510806	504		0.063927	277.777860	-121.192546
3	[ 8960/60000]	0.489394	87.960		0.510338	505		0.063598	277.927652	-121.246008
3	[ 9216/60000]	0.462893	87.990		0.509786	506		0.062824	278.280865	-121.372091
3	[ 9472/60000]	0.591482	88.020		0.509330	507		0.064298	277.608301	-121.131885
3	[ 9728/60000]	0.529984	88.070		0.508962	508		0.064707	277.421849	-121.065242
3	[ 9984/60000]	0.553295	88.030		0.508424	509		0.065522	277.049761	-120.932161
3	[10240/60000]	0.491762	87.990		0.507776	510		0.065291	277.155455	-120.969983
3	[10496/60000]	0.531878	88.070		0.507314	511		0.065754	276.944309	-120.894464
3	[10752/60000]	0.607777	88.100		0.506793	512		0.067507	276.144062	-120.607739
3	[11008/60000]	0.526143	88.130		0.506076	513		0.067879	275.974476	-120.546925
3	[11264/60000]	0.472144	88.220		0.505409	514		0.067354	276.214006	-120.632847
3	[11520/60000]	0.537113	88.140		0.505087	515		0.067930	275.950902	-120.538429
3	[11776/60000]	0.513034	88.150		0.504528	516		0.068112	275.868134	-120.508709
3	[12032/60000]	0.591265	88.130		0.504217	517		0.069595	275.190774	-120.265326
3	[12288/60000]	0.514997	88.160		0.503651	518		0.069818	275.088891	-120.228691
3	[12544/60000]	0.543241	88.150		0.502943	519		0.070512	274.771971	-120.114668
3	[12800/60000]	0.542038	88.060		0.502422	520		0.071190	274.462593	-120.003284
3	[13056/60000]	0.523179	88.170		0.501870	521		0.071565	274.291254	-119.941561
3	[13312/60000]	0.527947
